2006110100 2.6314
2006110101 -0.0083
2006110102 -2.0789
2006110103 -2.8287
2006110104 -1.9015
2006110105 0.5627
2006110106 3.9525
2006110107 7.3319
2006110108 9.6760
2006110109 10.1395
2006110110 8.2926
2006110111 4.2643
2006110112 -1.2503
2006110113 -7.1282
2006110114 -12.0756
2006110115 -14.9450
2006110116 -15.0306
2006110117 -12.2643
2006110118 -7.2531
2006110119 -1.1442
2006110120 4.6535
2006110121 8.8195
2006110122 10.4514
2006110123 9.2879
2006110200 5.7664
2006110201 0.9015
2006110202 -3.9815
2006110203 -7.5889
2006110204 -8.9883
2006110205 -7.8436
2006110206 -4.4981
2006110207 0.1141
2006110208 4.7065
2006110209 7.9702
2006110210 8.9168
2006110211 7.1476
2006110212 2.9797
2006110213 -2.6086
2006110214 -8.2064
2006110215 -12.3223
2006110216 -13.7729
2006110217 -12.0062
2006110218 -7.2709
2006110219 -0.5822
2006110220 6.5159
2006110221 12.3313
2006110222 15.4505
2006110223 15.0976
2006110300 11.3320
2006110301 5.0323
2006110302 -2.3268
2006110303 -9.0449
2006110304 -13.6179
2006110305 -15.1043
2006110306 -13.3454
2006110307 -8.9876
2006110308 -3.3046
2006110309 2.1352
2006110310 5.8737
2006110311 6.9407
2006110312 5.1095
2006110313 0.9650
2006110314 -4.2388
2006110315 -8.8993
2006110316 -11.4889
2006110317 -10.9722
2006110318 -7.1064
2006110319 -0.5424
2006110320 7.3090
2006110321 14.6146
2006110322 19.5765
2006110323 20.8894
2006110400 18.0774
2006110401 11.6221
2006110402 2.8486
2006110403 -6.3987
2006110404 -14.2053
2006110405 -19.0453
2006110406 -20.1347
2006110407 -17.5947
2006110408 -12.3885
2006110409 -6.0534
2006110410 -0.2962
2006110411 3.4454
2006110412 4.3678
2006110413 2.5017
2006110414 -1.3037
2006110415 -5.6104
2006110416 -8.7809
2006110417 -9.4295
2006110418 -6.8174
2006110419 -1.0885
2006110420 6.7250
2006110421 14.9315
2006110422 21.5915
2006110423 25.0046
2006110500 24.1455
2006110501 18.9345
2006110502 10.2712
2006110503 -0.1759
2006110504 -10.3681
2006110505 -18.3804
2006110506 -22.8456
2006110507 -23.2521
2006110508 -20.0241
2006110509 -14.3711
2006110510 -7.9521
2006110511 -2.4397
2006110512 0.9054
2006110513 1.5434
2006110514 -0.2255
2006110515 -3.3624
2006110516 -6.3865
2006110517 -7.7907
2006110518 -6.4723
2006110519 -2.0649
2006110520 4.9181
2006110521 13.1712
2006110522 20.8970
2006110523 26.2469
2006110600 27.7873
2006110601 24.8702
2006110602 17.8115
2006110603 7.8300
2006110604 -3.2357
2006110605 -13.3583
2006110606 -20.7900
2006110607 -24.4503
2006110608 -24.1391
2006110609 -20.5299
2006110610 -14.9513
2006110611 -9.0191
2006110612 -4.2150
2006110613 -1.5170
2006110614 -1.1712
2006110615 -2.6613
2006110616 -4.8776
2006110617 -6.4434
2006110618 -6.1138
2006110619 -3.1447
2006110620 2.4648
2006110621 9.9233
2006110622 17.8080
2006110623 24.3979
2006110700 28.0967
2006110701 27.8365
2006110702 23.3567
2006110703 15.2864
2006110704 5.0085
2006110705 -5.6597
2006110706 -14.8836
2006110707 -21.2235
2006110708 -23.9359
2006110709 -23.0970
2006110710 -19.5216
2006110711 -14.5098
2006110712 -9.4885
2006110713 -5.6436
2006110714 -3.6325
2006110715 -3.4465
2006110716 -4.4531
2006110717 -5.6025
2006110718 -5.7435
2006110719 -3.9676
2006110720 0.1084
2006110721 6.1953
2006110722 13.3601
2006110723 20.2265
2006110800 25.2994
2006110801 27.3321
2006110802 25.6412
2006110803 20.2887
2006110804 12.0842
2006110805 2.4052
2006110806 -7.1155
2006110807 -14.9572
2006110808 -20.0384
2006110809 -21.9262
2006110810 -20.8790
2006110811 -17.7230
2006110812 -13.5986
2006110813 -9.6491
2006110814 -6.7313
2006110815 -5.2183
2006110816 -4.9401
2006110817 -5.2707
2006110818 -5.3353
2006110819 -4.2806
2006110820 -1.5405
2006110821 2.9740
2006110822 8.8073
2006110823 15.0357
2006110900 20.4698
2006110901 23.9336
2006110902 24.5514
2006110903 21.9698
2006110904 16.4559
2006110905 8.8494
2006110906 0.3770
2006110907 -7.6190
2006110908 -13.9727
2006110909 -17.9308
2006110910 -19.2804
2006110911 -18.3405
2006110912 -15.8283
2006110913 -12.6419
2006110914 -9.6182
2006110915 -7.3286
2006110916 -5.9600
2006110917 -5.3057
2006110918 -4.8620
2006110919 -4.0014
2006110920 -2.1753
2006110921 0.9045
2006110922 5.1534
2006110923 10.0972
2006111000 14.9581
2006111001 18.8240
2006111002 20.8593
2006111003 20.5073
2006111004 17.6321
2006111005 12.5642
2006111006 6.0378
2006111007 -0.9652
2006111008 -7.4235
2006111009 -12.4870
2006111010 -15.6355
2006111011 -16.7527
2006111012 -16.1012
2006111013 -14.2131
2006111014 -11.7298
2006111015 -9.2350
2006111016 -7.1218
2006111017 -5.5234
2006111018 -4.3171
2006111019 -3.1973
2006111020 -1.7911
2006111021 0.2105
2006111022 2.9410
2006111023 6.2920