2006110100  -12544.50    
 2006110101  -12644.10    
 2006110102  -12761.10    
 2006110103  -12871.90    
 2006110104  -12996.50    
 2006110105  -13133.40    
 2006110106  -13263.80    
 2006110107  -13397.50    
 2006110108  -13526.00    
 2006110109  -13651.30    
 2006110110  -13741.70    
 2006110111  -13821.40    
 2006110112  -13888.40    
 2006110113  -13961.10    
 2006110114  -14032.60    
 2006110115  -14115.20    
 2006110116  -14219.10    
 2006110117  -14339.00    
 2006110118  -14465.70    
 2006110119  -14598.10    
 2006110120  -14735.90    
 2006110121  -14856.60    
 2006110122  -14962.10    
 2006110123  -15065.40    
 2006110200  -15170.50    
 2006110201  -15272.00    
 2006110202  -15377.50    
 2006110203  -15488.20    
 2006110204  -15604.80    
 2006110205  -15734.20    
 2006110206  -15860.00    
 2006110207  -15981.20    
 2006110208  -16097.70    
 2006110209  -16208.20    
 2006110210  -16289.20    
 2006110211  -16368.10    
 2006110212  -16431.00    
 2006110213  -16486.10    
 2006110214  -16547.10    
 2006110215  -16627.60    
 2006110216  -16734.10    
 2006110217  -16856.10    
 2006110218  -16978.90    
 2006110219  -17102.60    
 2006110220  -17226.40    
 2006110221  -17342.20    
 2006110222  -17445.70    
 2006110223  -17537.20    
 2006110300  -17626.00    
 2006110301  -17709.30    
 2006110302  -17804.40    
 2006110303  -17900.30    
 2006110304  -17998.80    
 2006110305  -18106.90    
 2006110306  -18219.30    
 2006110307  -18343.20    
 2006110308  -18448.30    
 2006110309  -18541.80    
 2006110310  -18612.40    
 2006110311  -18655.60    
 2006110312  -18683.60    
 2006110313  -18705.70    
 2006110314  -18733.40    
 2006110315  -18776.80    
 2006110316  -18849.50    
 2006110317  -18945.40    
 2006110318  -19053.60    
 2006110319  -19165.50    
 2006110320  -19276.60    
 2006110321  -19381.10    
 2006110322  -19470.90    
 2006110323  -19554.50    
 2006110400  -19629.60    
 2006110401  -19700.70    
 2006110402  -19777.00    
 2006110403  -19857.40    
 2006110404  -19948.80    
 2006110405  -20042.90    
 2006110406  -20147.40    
 2006110407  -20254.20    
 2006110408  -20343.70    
 2006110409  -20437.60    
 2006110410  -20505.20    
 2006110411  -20546.80    
 2006110412  -20567.90    
 2006110413  -20587.40    
 2006110414  -20614.60    
 2006110415  -20662.50    
 2006110416  -20733.30    
 2006110417  -20834.20    
 2006110418  -20942.40    
 2006110419  -21050.50    
 2006110420  -21157.70    
 2006110421  -21249.20    
 2006110422  -21320.90    
 2006110423  -21402.10    
 2006110500  -21460.80    
 2006110501  -21530.60    
 2006110502  -21606.70    
 2006110503  -21679.30    
 2006110504  -21758.90    
 2006110505  -21852.40    
 2006110506  -21951.80    
 2006110507  -22045.00    
 2006110508  -22139.50    
 2006110509  -22225.90    
 2006110510  -22305.70    
 2006110511  -22358.80    
 2006110512  -22399.10    
 2006110513  -22432.70    
 2006110514  -22482.70    
 2006110515  -22531.20    
 2006110516  -22586.80    
 2006110517  -22649.70    
 2006110518  -22727.10    
 2006110519  -22821.40    
 2006110520  -22909.50    
 2006110521  -22994.40    
 2006110522  -23071.10    
 2006110523  -23135.10    
 2006110600  -23201.40    
 2006110601  -23252.40    
 2006110602  -23310.00    
 2006110603  -23382.40    
 2006110604  -23453.20    
 2006110605  -23524.80    
 2006110606  -23605.40    
 2006110607  -23689.00    
 2006110608  -23771.00    
 2006110609  -23854.70    
 2006110610  -23916.70    
 2006110611  -23953.80    
 2006110612  -23973.30    
 2006110613  -23976.70    
 2006110614  -23972.60    
 2006110615  -23987.00    
 2006110616  -24011.40    
 2006110617  -24065.20    
 2006110618  -24138.10    
 2006110619  -24221.70    
 2006110620  -24309.90    
 2006110621  -24391.30    
 2006110622  -24462.50    
 2006110623  -24523.50    
 2006110700  -24577.40    
 2006110701  -24629.90    
 2006110702  -24683.50    
 2006110703  -24743.10    
 2006110704  -24802.00    
 2006110705  -24865.10    
 2006110706  -24942.00    
 2006110707  -25029.50    
 2006110708  -25114.60    
 2006110709  -25192.90    
 2006110710  -25247.70    
 2006110711  -25272.40    
 2006110712  -25277.10    
 2006110713  -25266.60    
 2006110714  -25251.00    
 2006110715  -25248.90    
 2006110716  -25270.90    
 2006110717  -25309.40    
 2006110718  -25367.00    
 2006110719  -25437.90    
 2006110720  -25517.90    
 2006110721  -25601.70    
 2006110722  -25667.30    
 2006110723  -25737.30    
 2006110800  -25790.50    
 2006110801  -25839.40    
 2006110802  -25892.80    
 2006110803  -25951.80    
 2006110804  -26005.10    
 2006110805  -26065.90    
 2006110806  -26138.40    
 2006110807  -26222.40    
 2006110808  -26304.60    
 2006110809  -26396.40    
 2006110810  -26461.50    
 2006110811  -26498.80    
 2006110812  -26509.30    
 2006110813  -26511.80    
 2006110814  -26503.50    
 2006110815  -26501.20    
 2006110816  -26518.20    
 2006110817  -26561.90    
 2006110818  -26613.40    
 2006110819  -26674.90    
 2006110820  -26756.60    
 2006110821  -26829.00    
 2006110822  -26894.80    
 2006110823  -26966.00    
 2006110900  -27034.90    
 2006110901  -27089.60    
 2006110902  -27138.80    
 2006110903  -27183.30    
 2006110904  -27227.80    
 2006110905  -27279.20    
 2006110906  -27351.80    
 2006110907  -27425.20    
 2006110908  -27500.90    
 2006110909  -27577.20    
 2006110910  -27636.50    
 2006110911  -27674.00    
 2006110912  -27690.40    
 2006110913  -27691.20    
 2006110914  -27688.40    
 2006110915  -27683.40    
 2006110916  -27699.80    
 2006110917  -27732.30    
 2006110918  -27773.40    
 2006110919  -27825.50    
 2006110920  -27884.20    
 2006110921  -27944.00    
 2006110922  -28005.20    
 2006110923  -28057.50    
 2006111000  -28110.10    
 2006111001  -28164.90    
 2006111002  -28217.70    
 2006111003  -28267.10    
 2006111004  -28310.20    
 2006111005  -28368.90    
 2006111006  -28430.50    
 2006111007  -28509.10    
 2006111008  -28585.50    
 2006111009  -29859.00    
 2006111010  -29819.90    
 2006111011  -29868.50    
 2006111012  -29897.40    
 2006111013  -29907.90    
 2006111014  -29914.70    
 2006111015  -29929.30    
 2006111016  -29955.80    
 2006111017  -29999.40    
 2006111018  -30055.10    
 2006111019  -30109.60    
 2006111020  -30168.20    
 2006111021  -30232.10    
 2006111022  -30285.80    
 2006111023  -30335.80    
 2006111100  -30388.90    
 2006111101  -30424.90    
 2006111102  -30469.50    
 2006111103  -30504.30    
 2006111104  -30544.90    
 2006111105  -30579.20    
 2006111106  -30622.80    
 2006111107  -30675.60    
 2006111108  -30735.30    
 2006111109  -30800.00    
 2006111110  -30856.20    
 2006111111  -30911.00    
 2006111112  -30944.70    
 2006111113  -30969.60    
 2006111114  -30979.60    
 2006111115  -30991.10    
 2006111116  -31007.00    
 2006111117  -31024.60    
 2006111118  -31054.10    
 2006111119  -31090.30    
 2006111120  -31124.00    
 2006111121  -31155.10    
 2006111122  -31189.50    
 2006111123  -31220.20    
 2006111200  -31249.30    
 2006111201  -31283.50    
 2006111202  -31303.60    
 2006111203  -31333.20    
 2006111204  -31366.40    
 2006111205  -31401.60    
 2006111206  -31435.60    
 2006111207  -31473.20    
 2006111208  -31517.70    
 2006111209  -31564.70    
 2006111210  -31610.40    
 2006111211  -31634.80    
 2006111212  -31642.30    
 2006111213  -31638.90    
 2006111214  -31640.40    
 2006111215  -31656.30    
 2006111216  -31679.40    
 2006111217  -31721.10    
 2006111218  -31741.20    
 2006111219  -31780.20    
 2006111220  -31824.80    
 2006111221  -31863.70    
 2006111222  -31917.00    
 2006111223  -31959.10    
 2006111300  -32002.70    
 2006111301  -32048.50    
 2006111302  -32091.70    
 2006111303  -32140.90    
 2006111304  -32183.40    
 2006111305  -32225.50    
 2006111306  -32262.50    
 2006111307  -32304.90    
 2006111308  -32349.40    
 2006111309  -32401.30    
 2006111310  -32432.90    
 2006111311  -32450.30    
 2006111312  -32452.00    
 2006111313  -32456.50    
 2006111314  -32457.00    
 2006111315  -32465.80    
 2006111316  -32482.80    
 2006111317  -32513.00    
 2006111318  -32552.70    
 2006111319  -32597.00    
 2006111320  -32648.60    
 2006111321  -32698.90    
 2006111322  -32740.90    
 2006111323  -32779.30    
 2006111400  -32824.80    
 2006111401  -32865.10    
 2006111402  -32903.50    
 2006111403  -32943.80    
 2006111404  -32988.90    
 2006111405  -33030.70    
 2006111406  -33071.50    
 2006111407  -33110.80    
 2006111408  -33152.40    
 2006111409  -33194.20    
 2006111410  -33231.40    
 2006111411  -33261.20    
 2006111412  -33273.00    
 2006111413  -33278.60    
 2006111414  -33292.80    
 2006111415  -33315.00    
 2006111416  -33342.40    
 2006111417  -33371.00    
 2006111418  -33408.00    
 2006111419  -33454.50    
 2006111420  -33490.60    
 2006111421  -33521.10    
 2006111422  -33547.90    
 2006111423  -33568.60    
 2006111500  -33594.10    
 2006111501  -33621.40    
 2006111502  -33656.20    
 2006111503  -33692.70    
 2006111504  -33725.00    
 2006111505  -33760.20    
 2006111506  -33799.10    
 2006111507  -33836.00    
 2006111508  -33869.80    
 2006111509  -33904.00    
 2006111510  -33923.20    
 2006111511  -33929.50    
 2006111512  -33921.70    
 2006111513  -33909.30    
 2006111514  -33900.40    
 2006111515  -33905.10    
 2006111516  -33926.90    
 2006111517  -33958.30    
 2006111518  -34040.30    
 2006111519  -34078.50    
 2006111520  -34074.20    
 2006111521  -34167.50    
 2006111522  -34208.00    
 2006111523  -34238.20    
 2006111600  -34275.40    
 2006111601  -34316.40    
 2006111602  -34359.40    
 2006111603  -34403.00    
 2006111604  -34444.20    
 2006111605  -34483.30    
 2006111606  -34522.10    
 2006111607  -34560.10    
 2006111608  -34589.70    
 2006111609  -34616.80    
 2006111610  -34634.00    
 2006111611  -34630.90    
 2006111612  -34610.10    
 2006111613  -34588.00    
 2006111614  -34572.80    
 2006111615  -34567.80    
 2006111616  -34581.50    
 2006111617  -34610.80    
 2006111618  -34645.90    
 2006111619  -34692.50    
 2006111620  -34735.40    
 2006111621  -34765.70    
 2006111622  -34796.50    
 2006111623  -34823.00    
 2006111700  -34847.50    
 2006111701  -34872.80    
 2006111702  -34909.00    
 2006111703  -34950.20    
 2006111704  -34992.70    
 2006111705  -35044.30    
 2006111706  -35088.20    
 2006111707  -35134.80    
 2006111708  -35172.30    
 2006111709  -35205.00    
 2006111710  -35231.00    
 2006111711  -35244.20    
 2006111712  -35240.80    
 2006111713  -35256.60    
 2006111714  -35259.90    
 2006111715  -35277.50    
 2006111716  -35310.80    
 2006111717  -35353.80    
 2006111718  -35389.90    
 2006111719  -35430.00    
 2006111720  -35464.50    
 2006111721  -35500.90    
 2006111722  -35524.00    
 2006111723  -35537.40    
 2006111800  -35559.20    
 2006111801  -35580.10    
 2006111802  -35609.50    
 2006111803  -35645.20    
 2006111804  -35685.00    
 2006111805  -35729.80    
 2006111806  -35765.20    
 2006111807  -35804.70    
 2006111808  -35846.20    
 2006111809  -35871.60    
 2006111810  -35887.60    
 2006111811  -35889.10    
 2006111812  -35868.70    
 2006111813  -35844.70    
 2006111814  -35831.70    
 2006111815  -35826.20    
 2006111816  -35850.30    
 2006111817  -35879.30    
 2006111818  -35917.70    
 2006111819  -35962.70    
 2006111820  -36010.50    
 2006111821  -36048.00    
 2006111822  -36078.10    
 2006111823  -36101.40    
 2006111900  -36124.40    
 2006111901  -36146.30    
 2006111902  -36178.90    
 2006111903  -36213.50    
 2006111904  -36249.80    
 2006111905  -36294.50    
 2006111906  -36342.80    
 2006111907  -36385.10    
 2006111908  -36423.50    
 2006111909  -36451.60    
 2006111910  -36464.40    
 2006111911  -36465.00    
 2006111912  -36447.50    
 2006111913  -36428.00    
 2006111914  -36414.70    
 2006111915  -36413.90    
 2006111916  -36431.90    
 2006111917  -36468.10    
 2006111918  -36512.00    
 2006111919  -36559.50    
 2006111920  -36604.20    
 2006111921  -36636.70    
 2006111922  -36666.00    
 2006111923  -36683.20    
 2006112000  -36696.60    
 2006112001  -36711.20    
 2006112002  -36733.50    
 2006112003  -36758.10    
 2006112004  -36793.70    
 2006112005  -36832.30    
 2006112006  -36870.60    
 2006112007  -36912.90    
 2006112008  -36956.50    
 2006112009  -36986.10    
 2006112010  -37006.20    
 2006112011  -37004.90    
 2006112012  -36989.10    
 2006112013  -36969.80    
 2006112014  -36955.20    
 2006112015  -36948.00    
 2006112016  -36960.70    
 2006112017  -36993.10    
 2006112018  -37031.30    
 2006112019  -37072.40    
 2006112020  -37112.80    
 2006112021  -37146.00    
 2006112022  -37168.80    
 2006112023  -37187.00    
 2006112100  -37200.10    
 2006112101  -37209.20    
 2006112102  -37225.30    
 2006112103  -37249.50    
 2006112104  -37281.20    
 2006112105  -37322.90    
 2006112106  -37367.40    
 2006112107  -37414.90    
 2006112108  -37455.90    
 2006112109  -37487.60    
 2006112110  -37509.80    
 2006112111  -37192.90    
 2006112112  -37120.90    
 2006112113  -37084.50    
 2006112114  -37055.50    
 2006112115  -37029.60    
 2006112116  -37037.70    
 2006112117  -37054.90    
 2006112118  -37086.60    
 2006112119  -37119.90    
 2006112120  -37156.90    
 2006112121  -37188.20    
 2006112122  -37214.30    
 2006112123  -37236.90    
 2006112200  -37250.40    
 2006112201  -37276.40    
 2006112202  -37287.50    
 2006112203  -37311.60    
 2006112204  -37340.30    
 2006112205  -37369.40    
 2006112206  -37408.30    
 2006112207  -37458.00    
 2006112208  -37513.40    
 2006112209  -37548.70    
 2006112210  -37568.40    
 2006112211  -37579.90    
 2006112212  -37562.30    
 2006112213  -37525.70    
 2006112214  -37499.40    
 2006112215  -37466.60    
 2006112216  -37462.40    
 2006112217  -37479.40    
 2006112218  -37514.70    
 2006112219  -37553.10    
 2006112220  -37592.10    
 2006112221  -37634.90    
 2006112222  -37666.60    
 2006112223  -37692.60    
 2006112300  -37704.40    
 2006112301  -37717.10    
 2006112302  -37730.30    
 2006112303  -37752.30    
 2006112304  -37776.30    
 2006112305  -37806.60    
 2006112306  -37843.00    
 2006112307  -37887.10    
 2006112308  -37942.20    
 2006112309  -37984.00    
 2006112310  -38014.30    
 2006112311  -38028.60    
 2006112312  -38026.90    
 2006112313  -38011.30    
 2006112314  -37989.30    
 2006112315  -37967.70    
 2006112316  -37960.60    
 2006112317  -37963.50    
 2006112318  -37985.00    
 2006112319  -38017.40    
 2006112320  -38047.70    
 2006112321  -38078.10    
 2006112322  -38111.00    
 2006112323  -38129.00    
 2006112400  -38144.80    
 2006112401  -38155.60    
 2006112402  -38162.70    
 2006112403  -38174.30    
 2006112404  -38193.10    
 2006112405  -38222.60    
 2006112406  -38253.90    
 2006112407  -38295.10    
 2006112408  -38339.90    
 2006112409  -38388.50    
 2006112410  -38425.10    
 2006112411  -38439.60    
 2006112412  -38436.70    
 2006112413  -38423.00    
 2006112414  -38399.80    
 2006112415  -38382.30    
 2006112416  -38376.50    
 2006112417  -38381.60    
 2006112418  -38392.50    
 2006112419  -38419.10    
 2006112420  -38452.90    
 2006112421  -38483.70    
 2006112422  -38511.90    
 2006112423  -38534.80    
 2006112500  -38560.60    
 2006112501  -38581.10    
 2006112502  -38592.10    
 2006112503  -38596.50    
 2006112504  -38612.30    
 2006112505  -38638.40    
 2006112506  -38675.10    
 2006112507  -38710.40    
 2006112508  -38749.50    
 2006112509  -38790.80    
 2006112510  -38826.70    
 2006112511  -38138.40    
 2006112512  -38082.20    
 2006112513  -38061.10    
 2006112514  -38035.50    
 2006112515  -38015.80    
 2006112516  -38004.80    
 2006112517  -38008.30    
 2006112518  -38030.60    
 2006112519  -38051.90    
 2006112520  -38072.60    
 2006112521  -38103.10    
 2006112522  -38122.60    
 2006112523  -38138.00    
 2006112600  -38160.60    
 2006112601  -38184.60    
 2006112602  -38203.70    
 2006112603  -38210.90    
 2006112604  -38225.00    
 2006112605  -38242.60    
 2006112606  -38262.40    
 2006112607  -38290.50    
 2006112608  -38324.00    
 2006112609  -38359.30    
 2006112610  -38388.10    
 2006112611  -38415.00    
 2006112612  -38433.30    
 2006112613  -38439.90    
 2006112614  -38427.60    
 2006112615  -38413.00    
 2006112616  -38403.60    
 2006112617  -38400.30    
 2006112618  -38399.00    
 2006112619  -38409.00    
 2006112620  -38422.10    
 2006112621  -38444.40    
 2006112622  -38458.40    
 2006112623  -38484.40    
 2006112700  -38505.70    
 2006112701  -38527.30    
 2006112702  -38549.90    
 2006112703  -38559.50    
 2006112704  -38580.00    
 2006112705  -38589.90    
 2006112706  -38606.40    
 2006112707  -38626.80    
 2006112708  -38657.60    
 2006112709  -38685.00    
 2006112710  -38716.90    
 2006112711  -38735.00    
 2006112712  -38743.20    
 2006112713  -38745.90    
 2006112714  -38744.90    
 2006112715  -38737.90    
 2006112716  -38733.00    
 2006112717  -38737.40    
 2006112718  -38751.00    
 2006112719  -38754.90    
 2006112720  -38769.80    
 2006112721  -38792.30    
 2006112722  -38813.60    
 2006112723  -38833.20    
 2006112800  -38859.10    
 2006112801  -38868.90    
 2006112802  -38883.30    
 2006112803  -38899.50    
 2006112804  -38908.50    
 2006112805  -38916.10    
 2006112806  -38923.50    
 2006112807  -38931.20    
 2006112808  -38947.80    
 2006112809  -38968.00    
 2006112810  -38989.90    
 2006112811  -39005.50    
 2006112812  -39012.10    
 2006112813  -39020.00    
 2006112814  -39022.10    
 2006112815  -39021.20    
 2006112816  -39026.80    
 2006112817  -39038.90    
 2006112818  -39048.60    
 2006112819  -39069.40    
 2006112820  -39089.20    
 2006112821  -39103.90    
 2006112822  -39131.60    
 2006112823  -39158.70    
 2006112900  -39185.30    
 2006112901  -39208.40    
 2006112902  -39234.20    
 2006112903  -39262.20    
 2006112904  -39283.90    
 2006112905  -39311.40    
 2006112906  -39326.50    
 2006112907  -39343.10    
 2006112908  -39354.80    
 2006112909  -39372.30    
 2006112910  -39383.20    
 2006112911  -39384.50    
 2006112912  -39379.40    
 2006112913  -39373.00    
 2006112914  -39390.00    
 2006112915  -39389.00    
 2006112916  -39398.90    
 2006112917  -39402.00    
 2006112918  -39405.40    
 2006112919  -39424.40    
 2006112920  -39436.50    
 2006112921  -39447.50    
 2006112922  -39459.40    
 2006112923  -39471.60    
 2006113000  -39487.80    
 2006113001  -39507.90    
 2006113002  -39534.10    
 2006113003  -39566.90    
 2006113004  -39589.60    
 2006113005  -39613.90    
 2006113006  -39630.50    
 2006113007  -39647.10    
 2006113008  -39662.80    
 2006113009  -39676.90    
 2006113010  -39684.90    
 2006113011  -39696.20    
 2006113012  -39693.30    
 2006113013  -39693.60    
 2006113014  -39696.70    
 2006113015  -39702.10    
 2006113016  -39713.70    
 2006113017  -39741.00    
 2006113018  -39770.40    
 2006113019  -39790.10    
 2006113020  -39808.80    
 2006113021  -39820.30    
 2006113022  -39838.90    
 2006113023  -39855.20    
 2006120100  -39871.50    
 2006120101  -39894.60    
 2006120102  -39918.60    
 2006120103  -39946.30    
 2006120104  -39974.30    
 2006120105  -39999.10    
 2006120106  -40017.00    
 2006120107  -40032.90    
 2006120108  -40042.50    
 2006120109  -40048.70    
 2006120110  -40048.10    
 2006120111  -40032.80    
 2006120112  -40010.50    
 2006120113  -39992.00    
 2006120114  -39979.20    
 2006120115  -39977.50    
 2006120116  -39991.10    
 2006120117  -40012.10    
 2006120118  -40036.60    
 2006120119  -40056.90    
 2006120120  -40079.80    
 2006120121  -40094.90    
 2006120122  -40107.40    
 2006120123  -40116.90    
 2006120200  -40135.90    
 2006120201  -40156.50    
 2006120202  -40179.60    
 2006120203  -40208.50    
 2006120204  -40240.10    
 2006120205  -40272.40    
 2006120206  -40302.50    
 2006120207  -40322.70    
 2006120208  -40341.30    
 2006120209  -40356.10    
 2006120210  -40353.70    
 2006120211  -40341.90    
 2006120212  -40320.10    
 2006120213  -40299.10    
 2006120214  -40284.00    
 2006120215  -40280.50    
 2006120216  -40289.40    
 2006120217  -40314.50    
 2006120218  -40343.20    
 2006120219  -40394.40    
 2006120220  -40411.80    
 2006120221  -40428.90    
 2006120222  -40441.90    
 2006120223  -40448.70    
 2006120300  -40460.60    
 2006120301  -40474.90    
 2006120302  -40494.50    
 2006120303  -40521.90    
 2006120304  -40565.40    
 2006120305  -40594.80    
 2006120306  -40626.80    
 2006120307  -40652.50    
 2006120308  -40680.60    
 2006120309  -40695.40    
 2006120310  -40693.00    
 2006120311  -40673.00    
 2006120312  -40643.70    
 2006120313  -40614.90    
 2006120314  -40600.60    
 2006120315  -40598.30    
 2006120316  -40609.10    
 2006120317  -40637.80    
 2006120318  -40678.10    
 2006120319  -40709.40    
 2006120320  -40740.10    
 2006120321  -40764.30    
 2006120322  -40781.80    
 2006120323  -40791.30    
 2006120400  -40797.50    
 2006120401  -40806.60    
 2006120402  -40821.10    
 2006120403  -40843.50    
 2006120404  -40876.40    
 2006120405  -40914.90    
 2006120406  -40948.90    
 2006120407  -40982.60    
 2006120408  -41007.50    
 2006120409  -41023.10    
 2006120410  -41030.00    
 2006120411  -41018.20    
 2006120412  -40998.40    
 2006120413  -40963.70    
 2006120414  -40932.50    
 2006120415  -40918.60    
 2006120416  -40914.80    
 2006120417  -40928.40    
 2006120418  -40956.10    
 2006120419  -40993.70    
 2006120420  -41025.80    
 2006120421  -41053.60    
 2006120422  -41072.80    
 2006120423  -41083.60    
 2006120500  -41095.40    
 2006120501  -41107.00    
 2006120502  -41126.00    
 2006120503  -41155.80    
 2006120504  -41190.80    
 2006120505  -41230.30    
 2006120506  -41268.10    
 2006120507  -41308.60    
 2006120508  -41343.10    
 2006120509  -41371.80    
 2006120510  -41385.50    
 2006120511  -41390.90    
 2006120512  -41373.20    
 2006120513  -41344.70    
 2006120514  -41317.70    
 2006120515  -41291.20    
 2006120516  -41290.40    
 2006120517  -41302.90    
 2006120518  -41324.50    
 2006120519  -41356.90    
 2006120520  -41386.50    
 2006120521  -41409.90    
 2006120522  -41432.40    
 2006120523  -41451.80    
 2006120600  -41455.40    
 2006120601  -41460.20    
 2006120602  -41463.80    
 2006120603  -41479.40    
 2006120604  -41502.80    
 2006120605  -41536.10    
 2006120606  -41568.80    
 2006120607  -41605.70    
 2006120608  -41642.40    
 2006120609  -41670.70    
 2006120610  -41688.90    
 2006120611  -41689.30    
 2006120612  -41664.10    
 2006120613  -41631.70    
 2006120614  -41600.30    
 2006120615  -41580.50    
 2006120616  -41578.80    
 2006120617  -41585.70    
 2006120618  -41610.40    
 2006120619  -41643.30    
 2006120620  -41685.20    
 2006120621  -41718.20    
 2006120622  -41748.70    
 2006120623  -41771.70    
 2006120700  -41794.30    
 2006120701  -41807.00    
 2006120702  -41820.40    
 2006120703  -41839.80    
 2006120704  -41863.90    
 2006120705  -41894.50    
 2006120706  -41929.40    
 2006120707  -41972.80    
 2006120708  -42009.60    
 2006120709  -42047.50    
 2006120710  -42076.40    
 2006120711  -42087.70    
 2006120712  -42084.00    
 2006120713  -42067.20    
 2006120714  -42046.00    
 2006120715  -42028.40    
 2006120716  -42021.80    
 2006120717  -42028.90    
 2006120718  -42045.90    
 2006120719  -42075.50    
 2006120720  -42107.20    
 2006120721  -42141.70    
 2006120722  -42168.80    
 2006120723  -42190.70    
 2006120800  -42206.80    
 2006120801  -42214.10    
 2006120802  -42226.20    
 2006120803  -42242.70    
 2006120804  -42265.40    
 2006120805  -42290.30    
 2006120806  -42322.30    
 2006120807  -42357.40    
 2006120808  -42396.70    
 2006120809  -42439.40    
 2006120810  -42474.70    
 2006120811  -42490.30    
 2006120812  -42492.50    
 2006120813  -42483.20    
 2006120814  -42468.40    
 2006120815  -42455.20    
 2006120816  -42457.60    
 2006120817  -42465.10    
 2006120818  -42486.70    
 2006120819  -42516.20    
 2006120820  -42551.20    
 2006120821  -42582.40    
 2006120822  -42610.00    
 2006120823  -42631.90    
 2006120900  -42649.70    
 2006120901  -42654.60    
 2006120902  -42662.40    
 2006120903  -42673.00    
 2006120904  -42683.50    
 2006120905  -42699.70    
 2006120906  -42719.70    
 2006120907  -42750.20    
 2006120908  -42785.10    
 2006120909  -42824.70    
 2006120910  -42855.80    
 2006120911  -42875.90    
 2006120912  -42876.70    
 2006120913  -42864.90    
 2006120914  -42852.30    
 2006120915  -42839.50    
 2006120916  -42835.20    
 2006120917  -42849.50    
 2006120918  -42864.90    
 2006120919  -42899.30    
 2006120920  -42931.90    
 2006120921  -42966.10    
 2006120922  -42992.80    
 2006120923  -43013.00    
 2006121000  -43031.80    
 2006121001  -43046.30    
 2006121002  -43056.70    
 2006121003  -43061.70    
 2006121004  -43074.70    
 2006121005  -43087.70    
 2006121006  -43106.70    
 2006121007  -43124.50    
 2006121008  -43152.30    
 2006121009  -43180.50    
 2006121010  -43215.90    
 2006121011  -43235.90    
 2006121012  -43238.70    
 2006121013  -43223.30    
 2006121014  -43202.40    
 2006121015  -43191.00    
 2006121016  -43198.40    
 2006121017  -43198.00    
 2006121018  -43210.80    
 2006121019  -43233.80    
 2006121020  -43255.90    
 2006121021  -43289.20    
 2006121022  -43358.50    
 2006121023  -43389.00    
 2006121100  -43415.60    
 2006121101  -43440.90    
 2006121102  -43461.00    
 2006121103  -43478.20    
 2006121104  -43493.00    
 2006121105  -43505.80    
 2006121106  -43523.50    
 2006121107  -43563.30    
 2006121108  -43590.70    
 2006121109  -43613.30    
 2006121110  -43635.90    
 2006121111  -43655.50    
 2006121112  -43666.40    
 2006121113  -43661.00    
 2006121114  -43649.80    
 2006121115  -43642.30    
 2006121116  -43636.10    
 2006121117  -43641.40    
 2006121118  -43649.30    
 2006121119  -43664.80    
 2006121120  -43684.40    
 2006121121  -43702.50    
 2006121122  -43722.70    
 2006121123  -43739.30    
 2006121200  -43757.00    
 2006121201  -43770.70    
 2006121202  -43784.70    
 2006121203  -43797.60    
 2006121204  -43804.10    
 2006121205  -43814.90    
 2006121206  -43824.90    
 2006121207  -43839.30    
 2006121208  -43860.80    
 2006121209  -43893.90    
 2006121210  -43914.20    
 2006121211  -43933.00    
 2006121212  -43945.80    
 2006121213  -43948.50    
 2006121214  -43962.40    
 2006121215  -43978.90    
 2006121216  -43998.50    
 2006121217  -44025.00    
 2006121218  -44050.40    
 2006121219  -44077.40    
 2006121220  -44110.50    
 2006121221  -44134.70    
 2006121222  -44162.70    
 2006121223  -44186.10    
 2006121300  -44211.30    
 2006121301  -44236.80    
 2006121302  -44255.60    
 2006121303  -44279.80    